1025 7553
1031 7587
1040 1041
1040 3331
1041 1042
1042 1043
1042 7472
1043 7490
10 7588
1099 7497
1103 1104
1103 7454
1104 7617
1119 7594
1127 7606
1225 7483
1248 7589
1317 7604
1333 7502
1349 7586
1357 7487
1402 7512
1570 7507
160 7531
1633 7561
1658 7528
1690 7546
1746 7622
1751 1752
1752 1753
1752 3337
1753 7488
1843 7491
1904 7614
198 7559
2014 7540
2044 7545
2058 7564
2062 7600
209 7525
2103 7508
2175 7556
2282 7509
2290 7511
2295 2296
2296 2297
2296 3379
2297 7593
2317 7595
2328 7493
235 236
235 3422
2360 2361
2360 3383
2361 2362
2361 3448
2362 7505
236 7479
2373 7539
2414 7482
2423 7529
2437 7573
2441 7621
2481 2482
2481 3385
2482 7555
2488 7533
2491 7499
2513 7568
2531 2532
2532 7572
2537 7504
2545 2546
2546 2547
2546 3389
2547 7585
2564 2565
2565 2566
2565 7461
2566 7552
2582 7495
259 7577
268 269
2685 7583
268 7602
269 270
270 271
2706 2707
2707 2708
2707 2709
2707 7554
271 272
271 7469
272 7501
2750 7571
275 7558
2783 7596
2824 2825
2825 2826
2825 3391
2826 7619
2831 2832
2831 3394
2832 2833
2833 2834
2833 3395
2834 7550
2841 2842
2842 7566
2851 7549
2862 2863
2862 3357
2863 7527
2866 7581
2871 7584
2882 2883
2883 2884
2883 3400
2884 7580
2909 7615
2921 7563
2930 7567
2934 7624
2937 7576
2937 7618
2950 7565
2976 2977
2977 2978
2977 3360
2978 7537
2982 7579
2999 3000
3000 3001
3000 3407
3000 3456
3001 7543
3037 7599
3040 7524
3046 7494
3076 3077
3076 3364
3077 3078
3078 7503
3099 7605
3123 3124
3124 3125
3124 3409
3125 7548
314 7557
3155 7609
3182 7489
3187 7591
3197 7597
3224 3225
3224 3415
3225 7536
3228 7560
3244 7603
3254 7520
3258 7620
3264 7626
3274 7486
3286 3287
3287 3288
3287 3459
3288 7500
3322 7547
3323 7541
3324 7629
3325 7569
3326 7521
3327 7628
3328 7562
3329 7578
3330 7553
3332 7594
3333 7606
3334 7483
3335 7561
3336 7622
3337 7488
3338 7491
3339 7508
3340 7556
3341 7509
3348 7539
3349 7482
3350 7529
3351 7533
3352 7495
3353 7542
3354 7571
3357 7527
3358 7581
3359 7584
3360 7537
3361 7599
3362 7524
3363 7494
3364 3482
3364 7477
3365 7531
3366 7525
3368 7577
3372 7481
3373 7586
3374 7507
3375 7528
3376 7546
3377 7523
3378 7511
3379 7593
3380 7493
3384 7573
3385 7555
3386 7499
3387 7504
3389 7585
3391 7619
3395 7550
3396 7476
3397 7549
3398 7584
3400 7580
3401 7563
3404 7565
3407 7543
3409 7548
3410 7609
3415 7536
3416 7560
3417 7603
3418 7620
3419 7626
3421 7506
3422 7479
3423 7610
3424 7613
3425 7517
3426 7627
3427 7513
3428 7498
3429 7587
3431 7589
3432 7604
3433 7502
3445 7512
3446 7564
3447 7600
3448 7505
3451 7583
3452 7596
3453 7567
3454 7624
3455 7618
3456 7543
3457 7489
3459 7500
3471 7558
3473 7601
34 7506
3475 7614
3476 7540
3477 7595
3478 7615
3479 7618
3480 7579
3481 7494
3482 7503
3483 7597
379 7607
38 7485
400 7610
474 7547
486 7613
497 7517
527 3323
527 528
528 7541
534 7592
550 7629
558 559
559 3371
559 3472
559 3473
559 560
559 564
559 565
559 566
559 7616
566 7601
640 7627
732 7481
739 7569
7448 7588
7449 7485
7450 7559
7451 7607
7452 7592
7453 7510
7454 7617
7455 7487
7457 7545
7458 7621
7459 7568
7460 7475
7461 7552
7462 7605
7463 7520
7464 7486
7469 7501
7470 7557
7472 7490
7473 7497
7475 7572
7476 7566
7477 7503
7484 7532
7487 7612
7488 7544
7488 7551
7491 7514
7491 7611
7492 7530
7493 7515
7493 7538
7493 7623
7495 7542
7496 7518
7500 7574
7500 7598
7508 7523
7515 7526
7522 7532
7526 7590
7549 7570
7576 7608
7577 7625
796 7521
807 7628
824 7513
850 7562
859 7498
896 7578
999 7510
