1025 7516
1031 7544
1040 1041
1040 3331
1041 1042
1042 1043
1042 7472
1043 7500
10 7542
1099 7565
1103 1104
1103 7454
1104 7523
1119 7525
1127 7597
1225 7574
1248 7484
1317 7576
1333 7617
1349 7530
1357 7612
1402 7539
1570 7486
160 7607
1633 7596
1658 7480
1690 7598
1746 7560
1751 1752
1752 1753
1752 3337
1753 7521
1843 7619
1904 7498
198 7529
2014 7557
2044 7515
2058 7562
2062 7613
209 7541
2103 7621
2175 7590
2282 7481
2290 7559
2295 2296
2296 2297
2296 3379
2297 7602
2317 7488
2328 7611
235 236
235 3422
2360 2361
2360 3383
2361 2362
2361 3448
2362 7548
236 7485
2373 7534
2414 7513
2423 7553
2437 7622
2441 7533
2481 2482
2481 3385
2482 7623
2488 7509
2491 7593
2513 7569
2531 2532
2532 7493
2537 7495
2545 2546
2546 2547
2546 3389
2547 7546
2564 2565
2565 2566
2565 7461
2566 7532
2582 7575
259 7490
268 269
2685 7545
268 7524
269 270
270 271
2706 2707
2707 2708
2707 2709
2707 7507
271 272
271 7469
272 7483
2750 7583
275 7505
2783 7496
2824 2825
2825 2826
2825 3391
2826 7489
2831 2832
2831 3394
2832 2833
2833 2834
2833 3395
2834 7572
2841 2842
2842 7566
2851 7543
2862 2863
2862 3357
2863 7535
2866 7526
2871 7555
2882 2883
2883 2884
2883 3400
2884 7586
2909 7628
2921 7588
2930 7563
2934 7499
2937 7561
2937 7567
2950 7609
2976 2977
2977 2978
2977 3360
2978 7601
2982 7506
2999 3000
3000 3001
3000 3407
3000 3456
3001 7573
3037 7581
3040 7579
3046 7585
3076 3077
3076 3364
3077 3078
3078 7592
3099 7549
3123 3124
3124 3125
3124 3409
3125 7540
314 7610
3155 7492
3182 7568
3187 7625
3197 7556
3224 3225
3224 3415
3225 7577
3228 7512
3244 7518
3254 7587
3258 7510
3264 7626
3274 7595
3286 3287
3287 3288
3287 3459
3288 7494
3322 7547
3323 7522
3324 7614
3325 7584
3326 7571
3327 7528
3328 7487
3329 7554
3330 7516
3332 7525
3333 7597
3334 7574
3335 7596
3336 7560
3337 7521
3338 7619
3339 7621
3340 7590
3341 7481
3348 7534
3349 7513
3350 7553
3351 7509
3352 7575
3353 7479
3354 7583
3357 7535
3358 7526
3359 7555
3360 7601
3361 7581
3362 7579
3363 7585
3364 3482
3364 7477
3365 7607
3366 7541
3368 7490
3372 7536
3373 7530
3374 7486
3375 7480
3376 7598
3377 7552
3378 7559
3379 7602
3380 7611
3384 7622
3385 7623
3386 7593
3387 7495
3389 7546
3391 7489
3395 7572
3396 7476
3397 7543
3398 7555
3400 7586
3401 7588
3404 7609
3407 7573
3409 7540
3410 7492
3415 7577
3416 7512
3417 7518
3418 7510
3419 7626
3421 7589
3422 7485
3423 7608
3424 7629
3425 7503
3426 7501
3427 7504
3428 7603
3429 7544
3431 7484
3432 7576
3433 7617
3445 7539
3446 7562
3447 7613
3448 7548
3451 7545
3452 7496
3453 7563
3454 7499
3455 7561
3456 7573
3457 7568
3459 7494
3471 7505
3473 7491
3475 7498
34 7589
3476 7557
3477 7488
3478 7628
3479 7561
3480 7506
3481 7585
3482 7592
3483 7556
379 7517
38 7624
400 7608
474 7547
486 7629
497 7503
527 3323
527 528
528 7522
534 7594
550 7614
558 559
559 3371
559 3472
559 3473
559 560
559 564
559 565
559 566
559 7627
566 7491
640 7501
732 7536
739 7584
7448 7542
7449 7624
7450 7529
7451 7517
7452 7594
7453 7600
7454 7523
7455 7612
7457 7515
7458 7533
7459 7569
7460 7475
7461 7532
7462 7549
7463 7587
7464 7595
7469 7483
7470 7610
7472 7500
7473 7565
7475 7493
7476 7566
7477 7592
7489 7537
7489 7606
7492 7591
7492 7605
7494 7520
7494 7550
7508 7604
7511 7599
7520 7564
7521 7527
7538 7558
7543 7551
7556 7620
7558 7580
7591 7618
7605 7618
7611 7615
796 7571
807 7528
824 7504
850 7487
859 7603
896 7554
999 7600
