1025 7526
1031 7614
1040 1041
1040 3331
1041 1042
1042 1043
1042 7472
1043 7601
10 7616
1099 7577
1103 1104
1103 7454
1104 7492
1119 7510
1127 7604
1225 7626
1248 7600
1317 7599
1333 7568
1349 7553
1357 7615
1402 7498
1570 7497
160 7516
1633 7606
1658 7609
1690 7539
1746 7622
1751 1752
1752 1753
1752 3337
1753 7505
1843 7584
1904 7611
198 7504
2014 7607
2044 7502
2058 7566
2062 7554
209 7573
2103 7491
2175 7489
2282 7527
2290 7559
2295 2296
2296 2297
2296 3379
2297 7540
2317 7595
2328 7482
235 236
235 3422
2360 2361
2360 3383
2361 2362
2361 3448
2362 7533
236 7538
2373 7520
2414 7519
2423 7571
2437 7532
2441 7550
2481 2482
2481 3385
2482 7603
2488 7589
2491 7624
2513 7485
2531 2532
2532 7576
2537 7546
2545 2546
2546 2547
2546 3389
2547 7531
2564 2565
2565 2566
2565 7461
2566 7598
2582 7621
259 7619
268 269
2685 7488
268 7494
269 270
270 271
2706 2707
2707 2708
2707 2709
2707 7608
271 272
271 7469
272 7536
2750 7523
275 7629
2783 7585
2824 2825
2825 2826
2825 3391
2826 7521
2831 2832
2831 3394
2832 2833
2833 2834
2833 3395
2834 7570
2841 2842
2842 7597
2851 7534
2862 2863
2862 3357
2863 7543
2866 7530
2871 7620
2882 2883
2883 2884
2883 3400
2884 7586
2909 7575
2921 7529
2930 7592
2934 7558
2937 7557
2937 7613
2950 7560
2976 2977
2977 2978
2977 3360
2978 7582
2982 7507
2999 3000
3000 3001
3000 3407
3000 3456
3001 7618
3037 7556
3040 7548
3046 7628
3076 3077
3076 3364
3077 3078
3078 7580
3099 7544
3123 3124
3124 3125
3124 3409
3125 7484
314 7555
3155 7549
3182 7602
3187 7508
3197 7596
3224 3225
3224 3415
3225 7552
3228 7525
3244 7581
3254 7496
3258 7481
3264 7612
3274 7535
3286 3287
3287 3288
3287 3459
3288 7487
3322 7625
3323 7572
3324 7545
3325 7623
3326 7522
3327 7480
3328 7528
3329 7490
3330 7526
3332 7510
3333 7604
3334 7626
3335 7606
3336 7622
3337 7505
3338 7584
3339 7491
3340 7489
3341 7527
3348 7520
3349 7519
3350 7571
3351 7589
3352 7621
3353 7605
3354 7523
3357 7543
3358 7530
3359 7620
3360 7582
3361 7556
3362 7548
3363 7628
3364 3482
3364 7477
3365 7516
3366 7573
3368 7619
3372 7515
3373 7553
3374 7497
3375 7609
3376 7539
3377 7506
3378 7559
3379 7540
3380 7482
3384 7532
3385 7603
3386 7624
3387 7546
3389 7531
3391 7521
3395 7570
3396 7476
3397 7534
3398 7620
3400 7586
3401 7529
3404 7560
3407 7618
3409 7484
3410 7549
3415 7552
3416 7525
3417 7581
3418 7481
3419 7612
3421 7537
3422 7538
3423 7551
3424 7486
3425 7511
3426 7578
3427 7513
3428 7591
3429 7614
3431 7600
3432 7599
3433 7568
3445 7498
3446 7566
3447 7554
3448 7533
3451 7488
3452 7585
3453 7592
3454 7558
3455 7557
3456 7618
3457 7602
3459 7487
3471 7629
3473 7590
34 7537
3475 7611
3476 7607
3477 7595
3478 7575
3479 7557
3480 7507
3481 7628
3482 7580
3483 7596
379 7495
38 7500
400 7551
474 7625
486 7486
497 7511
527 3323
527 528
528 7572
534 7483
550 7545
558 559
559 3371
559 3472
559 3473
559 560
559 564
559 565
559 566
559 7588
566 7590
640 7578
732 7515
739 7623
7448 7616
7449 7500
7450 7504
7451 7495
7452 7483
7453 7547
7454 7492
7455 7615
7457 7502
7458 7550
7459 7485
7460 7475
7461 7598
7462 7544
7463 7496
7464 7535
7469 7536
7470 7555
7472 7601
7473 7577
7475 7576
7476 7597
7477 7580
7482 7564
7482 7610
7482 7627
7487 7512
7487 7587
7491 7506
7501 7579
7505 7509
7505 7583
7521 7561
7521 7594
7534 7593
7542 7563
7549 7562
7549 7567
7564 7569
796 7522
807 7480
824 7513
850 7528
859 7591
896 7490
999 7547
