1025 7529
1031 7510
1040 1041
1040 3331
1041 1042
1042 1043
1042 7472
1043 7497
10 7531
1099 7495
1103 1104
1103 7454
1104 7564
1119 7617
1127 7491
1225 7565
1248 7562
1317 7599
1333 7498
1349 7521
1357 7482
1402 7625
1570 7536
160 7532
1633 7569
1658 7589
1690 7550
1746 7546
1751 1752
1752 1753
1752 3337
1753 7494
1843 7493
1904 7559
198 7516
2014 7492
2044 7622
2058 7616
2062 7582
209 7591
2103 7487
2175 7514
2282 7554
2290 7614
2295 2296
2296 2297
2296 3379
2297 7600
2317 7537
2328 7581
235 236
235 3422
2360 2361
2360 3383
2361 2362
2361 3448
2362 7530
236 7502
2373 7598
2414 7506
2423 7561
2437 7556
2441 7524
2481 2482
2481 3385
2482 7520
2488 7513
2491 7608
2513 7620
2531 2532
2532 7583
2537 7595
2545 2546
2546 2547
2546 3389
2547 7542
2564 2565
2565 2566
2565 7461
2566 7479
2582 7618
259 7596
268 269
2685 7597
268 7623
269 270
270 271
2706 2707
2707 2708
2707 2709
2707 7570
271 272
271 7469
272 7576
2750 7488
275 7486
2783 7501
2824 2825
2825 2826
2825 3391
2826 7590
2831 2832
2831 3394
2832 2833
2833 2834
2833 3395
2834 7567
2841 2842
2842 7580
2851 7571
2862 2863
2862 3357
2863 7629
2866 7621
2871 7509
2882 2883
2883 2884
2883 3400
2884 7560
2909 7601
2921 7547
2930 7594
2934 7526
2937 7505
2937 7552
2950 7611
2976 2977
2977 2978
2977 3360
2978 7512
2982 7519
2999 3000
3000 3001
3000 3407
3000 3456
3001 7539
3037 7627
3040 7586
3046 7577
3076 3077
3076 3364
3077 3078
3078 7613
3099 7525
3123 3124
3124 3125
3124 3409
3125 7543
314 7628
3155 7588
3182 7518
3187 7551
3197 7485
3224 3225
3224 3415
3225 7517
3228 7549
3244 7563
3254 7489
3258 7566
3264 7553
3274 7490
3286 3287
3287 3288
3287 3459
3288 7533
3322 7585
3323 7545
3324 7534
3325 7528
3326 7574
3327 7568
3328 7607
3329 7507
3330 7529
3332 7617
3333 7491
3334 7565
3335 7569
3336 7546
3337 7494
3338 7493
3339 7487
3340 7514
3341 7554
3348 7598
3349 7506
3350 7561
3351 7513
3352 7618
3353 7573
3354 7488
3357 7629
3358 7621
3359 7509
3360 7512
3361 7627
3362 7586
3363 7577
3364 3482
3364 7477
3365 7532
3366 7591
3368 7596
3372 7508
3373 7521
3374 7536
3375 7589
3376 7550
3377 7504
3378 7614
3379 7600
3380 7581
3384 7556
3385 7520
3386 7608
3387 7595
3389 7542
3391 7590
3395 7567
3396 7476
3397 7571
3398 7509
3400 7560
3401 7547
3404 7611
3407 7539
3409 7543
3410 7588
3415 7517
3416 7549
3417 7563
3418 7566
3419 7553
3421 7612
3422 7502
3423 7515
3424 7615
3425 7558
3426 7626
3427 7587
3428 7584
3429 7510
3431 7562
3432 7599
3433 7498
3445 7625
3446 7616
3447 7582
3448 7530
3451 7597
3452 7501
3453 7594
3454 7526
3455 7505
3456 7539
3457 7518
3459 7533
3471 7486
3473 7592
3475 7559
34 7612
3476 7492
3477 7537
3478 7601
3479 7505
3480 7519
3481 7577
3482 7613
3483 7485
379 7540
38 7503
400 7515
474 7585
486 7615
497 7558
527 3323
527 528
528 7545
534 7579
550 7534
558 559
559 3371
559 3472
559 3473
559 560
559 564
559 565
559 566
559 7548
566 7592
640 7626
732 7508
739 7528
7448 7531
7449 7503
7450 7516
7451 7540
7452 7579
7453 7603
7454 7564
7455 7482
7457 7622
7458 7524
7459 7620
7460 7475
7461 7479
7462 7525
7463 7489
7464 7490
7469 7576
7470 7628
7472 7497
7473 7495
7475 7583
7476 7580
7477 7613
7480 7481
7482 7500
7482 7619
7483 7624
7484 7609
7485 7557
7485 7610
7487 7504
7493 7624
7494 7496
7494 7605
7500 7619
7505 7593
7522 7606
7533 7541
7552 7593
7557 7578
7571 7575
7590 7604
796 7574
807 7568
824 7587
850 7607
859 7584
896 7507
999 7603
