1025 7547
1031 7526
1040 7614
1042 3331
10 7617
1099 7601
1103 7577
1104 3474
1119 7492
1127 7510
1225 7604
1248 7626
1317 7600
1333 7599
1349 7568
1357 7553
1402 7524
1570 7498
160 7500
1633 7497
1658 7606
1690 7609
1746 7539
1751 7622
1752 7456
1843 7509
1904 7563
198 7516
2014 7611
2044 7607
2058 7502
2062 7566
209 7504
2103 7554
2175 7506
2282 7489
2290 7527
2295 7559
2296 3342
2317 7540
2328 7595
235 7573
2360 7569
2362 3383
236 3367
2373 7533
2414 7520
2423 7519
2437 7571
2441 7532
2481 7550
2482 3449
2482 7474
2488 7603
2491 7589
2513 7624
2531 7485
2532 7460
2537 7576
2545 7546
2546 3388
2564 7531
2565 3450
2582 7598
259 7538
2685 7605
268 7619
2706 7488
2707 2708
2707 2709
270 7493
2708 7488
271 7494
2750 7608
275 7536
2783 7523
2824 7585
2825 3390
2831 7561
2831 7594
2833 3394
2841 7570
2842 3396
2851 7597
2862 7499
2862 7593
2866 7543
2871 7530
2882 7620
2883 3399
2909 7586
2921 7575
2930 7529
2934 7592
2937 7558
2950 7514
2976 7560
2977 3405
2982 7582
2999 7507
3000 3406
3037 7618
3040 7556
3046 7548
3076 7628
3078 3364
3099 7580
3123 7544
3124 3408
314 7629
3155 7484
3182 7518
3187 7478
3187 7602
3197 7508
3224 7479
3228 7552
3244 7525
3254 7581
3258 7496
3264 7481
3274 7612
3286 7535
3287 3420
3287 7587
3322 7551
3323 7471
3324 7483
3325 7515
3326 7623
3327 7522
3328 7513
3329 7591
3330 7547
3331 3430
3332 7492
3333 7510
3334 7604
3335 7497
3336 7539
3338 7509
3339 7554
3340 7506
3341 7489
3342 7559
3348 7533
3349 7520
3350 7519
3351 7603
3352 7598
3353 7621
3354 7608
3358 7543
3359 7530
3361 7618
3362 7556
3363 7548
3364 7628
3365 7500
3366 7504
3367 7573
3368 7538
3372 7578
3373 7568
3374 7498
3375 7606
3376 7609
3377 7491
3378 7527
3380 7595
3384 7571
3386 7589
3387 7576
3388 7546
3390 7585
3396 7570
3397 7597
3398 7530
3399 7620
3401 7575
3404 7514
3405 7560
3406 7507
3408 7544
3410 7484
3415 3458
3416 7552
3417 7525
3418 7496
3419 7481
3420 7535
3421 7616
3423 7495
3424 7625
3425 7486
3426 7590
3427 7480
3428 7528
3429 7526
3430 7614
3431 7626
3432 7600
3433 7599
3445 7524
3446 7502
3447 7566
3449 7550
3450 7531
3451 7605
3452 7523
3453 7529
3454 7592
3455 7558
3457 7518
3458 7479
3471 7536
3474 7577
3475 7563
34 7616
3476 7611
3477 7540
3478 7586
3479 7558
3480 7582
3481 7548
3483 7508
379 7555
38 7537
400 7495
474 7551
486 7625
497 7486
527 7511
534 7572
550 7483
558 7545
559 3472
559 560
559 564
559 565
559 7545
559 7588
564 3371
640 7590
732 7578
739 7515
7448 7617
7449 7537
7450 7516
7451 7555
7452 7572
7453 7490
7455 7553
7456 7622
7457 7607
7458 7532
7459 7624
7460 7485
7462 7580
7463 7581
7464 7612
7470 7629
7471 7511
7473 7601
7474 7550
7478 7602
7479 7517
7479 7565
7493 7619
7499 7534
7501 7512
7509 7583
7514 7557
7514 7613
7517 7596
7518 7562
7518 7567
7524 7574
7524 7615
7533 7541
7541 7569
7542 7584
7563 7584
7565 7596
7569 7610
7569 7627
7574 7615
7605 7621
796 7623
807 7522
824 7480
850 7513
859 7528
896 7591
999 7490
