1025 7510
1031 7553
1040 7587
1042 3331
10 7519
1099 7490
1103 7497
1104 3474
1119 7617
1127 7594
1225 7606
1248 7483
1317 7589
1333 7604
1349 7502
1357 7586
1402 7480
1570 7512
160 7485
1633 7507
1658 7561
1690 7528
1746 7546
1751 7622
1752 7456
1843 7544
1904 7514
198 7531
2014 7614
2044 7540
2058 7545
2062 7564
209 7559
2103 7600
2175 7523
2282 7556
2290 7509
2295 7511
2296 3342
2317 7593
2328 7595
235 7525
2360 7526
2362 3383
236 3367
2373 7505
2414 7539
2423 7482
2437 7529
2441 7573
2481 7621
2482 3449
2482 7474
2488 7555
2491 7533
2513 7499
2531 7568
2532 7460
2537 7572
2545 7504
2546 3388
2564 7585
2565 3450
2582 7552
259 7479
2685 7542
268 7577
2706 7583
2707 2708
2707 2709
270 7625
2708 7583
271 7602
2750 7554
275 7501
2783 7571
2824 7596
2825 3390
2831 7535
2831 7575
2833 3394
2841 7550
2842 3396
2851 7566
2862 7534
2862 7570
2866 7527
2871 7581
2882 7584
2883 3399
2909 7580
2921 7615
2930 7563
2934 7567
2937 7624
2950 7608
2976 7565
2977 3405
2982 7537
2999 7579
3000 3406
3037 7543
3040 7599
3046 7524
3076 7494
3078 3364
3099 7503
3123 7605
3124 3408
314 7558
3155 7548
3182 7532
3187 7478
3187 7489
3197 7591
3224 7518
3228 7536
3244 7560
3254 7603
3258 7520
3264 7620
3274 7626
3286 7486
3287 3420
3287 7574
3322 7610
3323 7471
3324 7592
3325 7481
3326 7569
3327 7521
3328 7513
3329 7498
3330 7510
3331 3430
3332 7617
3333 7594
3334 7606
3335 7507
3336 7546
3338 7544
3339 7600
3340 7523
3341 7556
3342 7511
3348 7505
3349 7539
3350 7482
3351 7555
3352 7552
3353 7495
3354 7554
3358 7527
3359 7581
3361 7543
3362 7599
3363 7524
3364 7494
3365 7485
3366 7559
3367 7525
3368 7479
3372 7627
3373 7502
3374 7512
3375 7561
3376 7528
3377 7508
3378 7509
3380 7595
3384 7529
3386 7533
3387 7572
3388 7504
3390 7596
3396 7550
3397 7566
3398 7581
3399 7584
3401 7615
3404 7608
3405 7565
3406 7579
3408 7605
3410 7548
3415 3458
3416 7536
3417 7560
3418 7520
3419 7620
3420 7486
3421 7588
3423 7607
3424 7547
3425 7613
3426 7601
3427 7628
3428 7562
3429 7553
3430 7587
3431 7483
3432 7589
3433 7604
3445 7480
3446 7545
3447 7564
3449 7621
3450 7585
3451 7542
3452 7571
3453 7563
3454 7567
3455 7624
3457 7532
3458 7518
3471 7501
3474 7497
3475 7514
34 7588
3476 7614
3477 7593
3478 7580
3479 7624
3480 7537
3481 7524
3483 7591
379 7557
38 7506
400 7607
474 7610
486 7547
497 7613
527 7517
534 7541
550 7592
558 7629
559 3472
559 560
559 564
559 565
559 7616
559 7629
564 3371
640 7601
732 7627
739 7481
7448 7519
7449 7506
7450 7531
7451 7557
7452 7541
7453 7578
7455 7586
7456 7622
7457 7540
7458 7573
7459 7499
7460 7568
7462 7503
7463 7603
7464 7626
7470 7558
7471 7517
7473 7490
7474 7621
7478 7489
7480 7487
7480 7612
7484 7609
7492 7598
7496 7597
7505 7590
7514 7611
7518 7582
7522 7609
7526 7538
7526 7623
7534 7549
7535 7619
7544 7551
7575 7619
7582 7597
7608 7618
796 7569
807 7521
824 7628
850 7513
859 7562
896 7498
999 7578
