1025 7603
1031 7529
1040 7510
1042 3331
10 7538
1099 7497
1103 7495
1104 3474
1119 7564
1127 7617
1225 7491
1248 7565
1317 7562
1333 7599
1349 7498
1357 7521
1402 7619
1570 7625
160 7503
1633 7536
1658 7569
1690 7589
1746 7550
1751 7546
1752 7456
1843 7496
1904 7624
198 7532
2014 7559
2044 7492
2058 7622
2062 7616
209 7516
2103 7582
2175 7504
2282 7514
2290 7554
2295 7614
2296 3342
2317 7600
2328 7537
235 7591
2360 7484
2362 3383
236 3367
2373 7530
2414 7598
2423 7506
2437 7561
2441 7556
2481 7524
2482 3449
2482 7474
2488 7520
2491 7513
2513 7608
2531 7620
2532 7460
2537 7583
2545 7595
2546 3388
2564 7542
2565 3450
2582 7479
259 7502
2685 7573
268 7596
2706 7597
2707 2708
2707 2709
270 7572
2708 7597
271 7623
2750 7570
275 7576
2783 7488
2824 7501
2825 3390
2831 7511
2831 7604
2833 3394
2841 7567
2842 3396
2851 7580
2862 7544
2862 7575
2866 7629
2871 7621
2882 7509
2883 3399
2909 7560
2921 7601
2930 7547
2934 7594
2937 7526
2950 7593
2976 7611
2977 3405
2982 7512
2999 7519
3000 3406
3037 7539
3040 7627
3046 7586
3076 7577
3078 3364
3099 7613
3123 7525
3124 3408
314 7486
3155 7543
3182 7481
3187 7478
3187 7518
3197 7551
3224 7578
3228 7517
3244 7549
3254 7563
3258 7489
3264 7566
3274 7553
3286 7490
3287 3420
3287 7541
3322 7515
3323 7471
3324 7579
3325 7508
3326 7528
3327 7574
3328 7587
3329 7584
3330 7603
3331 3430
3332 7564
3333 7617
3334 7491
3335 7536
3336 7550
3338 7496
3339 7582
3340 7504
3341 7514
3342 7614
3348 7530
3349 7598
3350 7506
3351 7520
3352 7479
3353 7618
3354 7570
3358 7629
3359 7621
3361 7539
3362 7627
3363 7586
3364 7577
3365 7503
3366 7516
3367 7591
3368 7502
3372 7626
3373 7498
3374 7625
3375 7569
3376 7589
3377 7487
3378 7554
3380 7537
3384 7561
3386 7513
3387 7583
3388 7595
3390 7501
3396 7567
3397 7580
3398 7621
3399 7509
3401 7601
3404 7593
3405 7611
3406 7519
3408 7525
3410 7543
3415 3458
3416 7517
3417 7549
3418 7489
3419 7566
3420 7490
3421 7531
3423 7540
3424 7585
3425 7615
3426 7592
3427 7568
3428 7607
3429 7529
3430 7510
3431 7565
3432 7562
3433 7599
3445 7619
3446 7622
3447 7616
3449 7524
3450 7542
3451 7573
3452 7488
3453 7547
3454 7594
3455 7526
3457 7481
3458 7578
3471 7576
3474 7495
34 7531
3475 7624
3476 7559
3477 7600
3478 7560
3479 7526
3480 7512
3481 7586
3483 7551
379 7628
38 7612
400 7540
474 7515
486 7585
497 7615
527 7558
534 7545
550 7579
558 7534
559 3472
559 560
559 564
559 565
559 7534
559 7548
564 3371
640 7592
732 7626
739 7508
7448 7538
7449 7612
7450 7532
7451 7628
7452 7545
7453 7507
7455 7521
7456 7546
7457 7492
7458 7556
7459 7608
7460 7620
7462 7613
7463 7563
7464 7553
7470 7486
7471 7558
7473 7497
7474 7524
7478 7518
7480 7588
7481 7535
7483 7493
7484 7499
7484 7523
7484 7555
7496 7605
7499 7581
7511 7590
7522 7527
7523 7581
7527 7533
7530 7609
7535 7588
7544 7571
7555 7581
7572 7596
7573 7618
7578 7610
796 7528
807 7574
824 7568
850 7587
859 7607
896 7584
999 7507
