1025 7600
1031 7516
1040 7544
1042 3331
10 7570
1099 7500
1103 7565
1104 3474
1119 7523
1127 7525
1225 7597
1248 7574
1317 7484
1333 7576
1349 7617
1357 7530
1402 7519
1570 7539
160 7624
1633 7486
1658 7596
1690 7480
1746 7598
1751 7560
1752 7456
1843 7497
1904 7604
198 7607
2014 7498
2044 7557
2058 7515
2062 7562
209 7529
2103 7613
2175 7552
2282 7590
2290 7481
2295 7559
2296 3342
2317 7602
2328 7488
235 7541
2360 7558
2362 3383
236 3367
2373 7548
2414 7534
2423 7513
2437 7553
2441 7622
2481 7533
2482 3449
2482 7474
2488 7623
2491 7509
2513 7593
2531 7569
2532 7460
2537 7493
2545 7495
2546 3388
2564 7546
2565 3450
2582 7532
259 7485
2685 7479
268 7490
2706 7545
2707 2708
2707 2709
270 7482
2708 7545
271 7524
2750 7507
275 7483
2783 7583
2824 7496
2825 3390
2831 7537
2831 7606
2833 3394
2841 7572
2842 3396
2851 7566
2862 7531
2862 7551
2866 7535
2871 7526
2882 7555
2883 3399
2909 7586
2921 7628
2930 7588
2934 7563
2937 7499
2950 7514
2976 7609
2977 3405
2982 7601
2999 7506
3000 3406
3037 7573
3040 7581
3046 7579
3076 7585
3078 3364
3099 7592
3123 7549
3124 3408
314 7505
3155 7540
3182 7618
3187 7478
3187 7568
3197 7625
3224 7599
3228 7577
3244 7512
3254 7518
3258 7587
3264 7510
3274 7626
3286 7595
3287 3420
3287 7550
3322 7608
3323 7471
3324 7594
3325 7536
3326 7584
3327 7571
3328 7504
3329 7603
3330 7600
3331 3430
3332 7523
3333 7525
3334 7597
3335 7486
3336 7598
3338 7497
3339 7613
3340 7552
3341 7590
3342 7559
3348 7548
3349 7534
3350 7513
3351 7623
3352 7532
3353 7575
3354 7507
3358 7535
3359 7526
3361 7573
3362 7581
3363 7579
3364 7585
3365 7624
3366 7529
3367 7541
3368 7485
3372 7501
3373 7617
3374 7539
3375 7596
3376 7480
3377 7621
3378 7481
3380 7488
3384 7553
3386 7509
3387 7493
3388 7495
3390 7496
3396 7572
3397 7566
3398 7526
3399 7555
3401 7628
3404 7514
3405 7609
3406 7506
3408 7549
3410 7540
3415 3458
3416 7577
3417 7512
3418 7587
3419 7510
3420 7595
3421 7542
3423 7517
3424 7547
3425 7629
3426 7491
3427 7528
3428 7487
3429 7516
3430 7544
3431 7574
3432 7484
3433 7576
3445 7519
3446 7515
3447 7562
3449 7533
3450 7546
3451 7479
3452 7583
3453 7588
3454 7563
3455 7499
3457 7618
3458 7599
3471 7483
3474 7565
34 7542
3475 7604
3476 7498
3477 7602
3478 7586
3479 7499
3480 7601
3481 7579
3483 7625
379 7610
38 7589
400 7517
474 7608
486 7547
497 7629
527 7503
534 7522
550 7594
558 7614
559 3472
559 560
559 564
559 565
559 7614
559 7627
564 3371
640 7491
732 7501
739 7536
7448 7570
7449 7589
7450 7607
7451 7610
7452 7522
7453 7554
7455 7530
7456 7560
7457 7557
7458 7622
7459 7593
7460 7569
7462 7592
7463 7518
7464 7626
7470 7505
7471 7503
7473 7500
7474 7533
7478 7568
7479 7575
7482 7490
7497 7521
7497 7527
7502 7564
7508 7619
7511 7556
7514 7561
7514 7567
7519 7582
7519 7612
7531 7543
7538 7611
7548 7580
7552 7621
7558 7578
7558 7615
7578 7611
7582 7612
7599 7620
7604 7619
796 7584
807 7571
824 7528
850 7504
859 7487
896 7603
999 7554
