1000 4112
1026 3330
1032 3429
1042 3331
1044 4131
1100 4132
1104 3474
1105 4113
1120 3332
1128 3333
11 4107
1226 3334
1249 3431
1318 3432
1334 3433
1350 3373
1358 4114
1387 3444
1403 3445
1571 3374
161 3365
1634 3335
1659 3375
1691 3376
1747 3336
1752 4115
1754 3337
1844 3338
1905 3475
199 4109
2015 3476
2045 4116
2059 3446
2063 3447
210 3366
2104 3339
2115 3377
2176 3340
2283 3341
2291 3378
2296 3342
2298 3379
2318 3477
2329 3380
2342 3344
2342 3382
2362 3383
2363 3347
2363 3448
236 3367
237 3422
2374 3348
2415 3349
2424 3350
2438 3384
2442 4117
2482 3449
2482 4133
2483 3385
2489 3351
2492 3386
2514 4118
2532 4119
2533 4134
2538 3387
2546 3388
2548 3389
2565 3450
2567 4120
2583 3352
2590 3353
260 3368
2686 3451
270 3370
2707 2708
2707 2709
271 4127
273 4128
2751 3354
276 3471
2784 3452
2825 3390
2827 3391
2831 3393
2833 3394
2835 3395
2842 3396
2843 4135
2852 3397
2862 3356
2864 3357
2867 3358
2872 3359
2872 3398
2883 3399
2885 3400
2910 3478
2922 3401
2931 3453
2935 3454
2940 3403
2951 3404
2977 3405
2979 3360
2983 3480
3000 3406
3002 3407
3002 3456
3038 3361
3041 3362
3047 3363
3047 3481
3078 3364
3079 3482
3079 4136
3100 4121
3124 3408
3126 3409
315 4129
3156 3410
3166 3412
3183 3457
3187 3187
3187 4137
3198 3483
3222 3414
3226 3415
3229 3416
3245 3417
3255 4122
3259 3418
3265 3419
3275 4123
3287 3420
3287 4125
3289 3459
3323 4130
3331 3430
3402 3455
3402 3479
3415 3458
35 3421
380 4110
39 4108
401 3423
475 3322
487 3424
498 3425
529 3323
535 4111
551 3324
559 3472
559 559
559 560
559 563
559 564
559 565
564 3371
567 3473
641 3426
733 3372
740 3325
797 3326
808 3327
825 3427
851 3328
860 3428
897 3329
